ream cal-3024
  page 15840 12240 1 1440
    group
      polygon 300 1000 750 300 1000 750 41 5482 8196 5430 8262 5404 8332 5374 8398 5312 8452 5248 8516 5218 8610 5206 8700 5204 8752 5206 8784 5218 8810 5238 8822 5266 8816 5290 8814 5296 8830 5304 8854 5328 8866 5356 8868 5374 8858 5394 8852 5420 8858 5452 8868 5482 8866 5498 8846 5482 8802 5458 8752 5452 8716 5462 8700 5498 8710 5542 8722 5576 8716 5594 8684 5590 8616 5568 8536 5528 8468 5494 8406 5482 8354 5490 8294 5512 8218 5520 8170 5482 8196
    end
    group
      polygon 300 1000 750 300 1000 750 41 6876 8196 6928 8262 6954 8332 6984 8398 7046 8452 7110 8516 7140 8610 7152 8700 7154 8752 7152 8784 7140 8810 7120 8822 7092 8816 7068 8814 7062 8830 7054 8854 7030 8866 7002 8868 6984 8858 6964 8852 6938 8858 6906 8868 6876 8866 6860 8846 6876 8802 6900 8752 6906 8716 6896 8700 6860 8710 6816 8722 6782 8716 6764 8684 6768 8616 6790 8536 6830 8468 6864 8406 6876 8354 6868 8294 6846 8218 6838 8170 6876 8196
    end
    polygon 2100 1000 875 2100 1000 875 14 6002 7788 5586 7988 5346 8148 5474 8224 5686 8280 5710 8380 5690 8562 6144 8502 6620 8628 6664 8294 6800 8194 6964 8098 6814 7938 6508 7746
    polygon 0 0 0 0 0 0 23 6470 9012 6526 9248 6670 9286 6812 9304 6942 9338 7046 9384 7098 9436 7116 9480 7098 9506 7048 9524 6952 9550 6816 9562 6640 9550 6464 9518 6336 9470 6256 9418 6230 9364 6248 9322 6334 9266 6348 9216 6388 9012 6424 8882 6470 9012
    polygon 0 0 0 0 0 0 23 5876 9012 5820 9248 5676 9286 5534 9304 5404 9338 5300 9384 5248 9436 5230 9480 5248 9506 5300 9524 5394 9550 5530 9562 5708 9550 5882 9518 6012 9470 6090 9418 6116 9364 6100 9322 6014 9266 5998 9216 5958 9012 5922 8882 5876 9012
    polygon 2700 1000 750 2700 1000 750 9 5656 8472 6256 8472 6736 8374 6614 9060 6236 9102 6136 8766 6136 9060 5674 9032 5656 8472
    polygon 300 1000 750 300 1000 750 3 6036 7832 6196 8116 6396 7802
    polygon 0 1000 750 0 1000 750 7 6356 8060 6296 8216 6534 8560 6376 8730 6214 8574 6136 8216 6036 7988
    polygon 0 1000 750 0 1000 750 5 6194 8132 5934 8446 5916 8574 6054 8532 6194 8346
    group
      polygon 300 1000 875 300 1000 875 41 13742 8250 13774 8324 13792 8402 13810 8476 13848 8538 13886 8610 13906 8716 13914 8816 13914 8876 13914 8912 13906 8938 13894 8954 13876 8946 13862 8944 13858 8962 13854 8990 13838 9004 13822 9006 13810 8996 13798 8988 13782 8996 13762 9006 13742 9004 13734 8980 13742 8930 13758 8876 13762 8834 13756 8816 13734 8828 13708 8840 13686 8834 13674 8800 13678 8722 13690 8632 13714 8554 13738 8486 13742 8426 13740 8360 13724 8274 13720 8220 13742 8250
    end
    group
      polygon 0 0 750 0 0 750 47 10948 7612 10960 7536 10970 7458 10984 7378 11004 7294 11030 7204 11062 7114 11104 7022 11156 6938 11220 6860 11288 6794 11360 6746 11426 6718 11486 6718 11538 6736 11580 6770 11616 6810 11640 6854 11658 6894 11670 6930 11676 6960 11678 6976 11676 6982 11670 6978 11660 6962 11650 6936 11634 6902 11616 6864 11592 6824 11560 6786 11528 6758 11498 6744 11464 6742 11424 6748 11380 6764 11338 6786 11292 6826 11232 6886 11174 6964 11124 7046 11082 7134 11050 7222 11026 7310 11008 7394 10994 7474 10986 7552 10978 7628
      ellipse 0 0 750 0 0 750 11104 7640 11288 7946
      polygon 300 1000 750 300 1000 750 17 11004 7918 11048 7932 11082 7948 11098 7968 11100 7986 11090 8002 11070 8012 11040 8016 11024 8022 11040 8038 11068 8058 11084 8080 11084 8096 11068 8106 11042 8106 11004 8092 10962 8072
      ellipse 0 0 625 0 0 625 11062 7640 11246 7946
      ellipse 0 0 750 0 0 750 10992 7640 11176 7946
      polygon 300 1000 375 300 1000 375 15 10900 8224 10924 8244 10956 8246 10984 8162 10998 7926 11002 7684 10998 7586 10986 7566 10962 7558 10938 7578 10920 7642 10906 7762 10892 7960 10886 8146 10900 8224
      polygon 300 1000 750 300 1000 750 31 10552 8136 10642 8172 10708 8128 10752 8044 10772 7960 10790 7888 10830 7836 10882 7800 10942 7774 10992 7762 11012 7774 11014 7798 11004 7830 10988 7864 10962 7898 10932 7930 10900 7954 10880 7974 10892 7996 10910 8022 10906 8058 10886 8092 10858 8106 10818 8136 10772 8210 10722 8290 10672 8330 10616 8308 10510 8176 10444 8086 10552 8122
      group
        polygon 2100 1000 750 2100 1000 750 53 11704 7028 11732 6982 11762 6986 11786 7006 11804 7036 11826 7072 11860 7118 11890 7170 11896 7222 11898 7270 11924 7300 11958 7324 11988 7356 12002 7388 11988 7418 11952 7446 11902 7472 11854 7502 11826 7530 11816 7560 11832 7598 11852 7640 11854 7682 11842 7718 11818 7738 11786 7740 11748 7718 11700 7698 11640 7710 11588 7722 11556 7704 11542 7670 11542 7640 11556 7608 11586 7564 11608 7520 11606 7488 11588 7456 11562 7418 11534 7376 11506 7334 11492 7292 11506 7252 11532 7210 11556 7168 11576 7128 11592 7092 11606 7060 11620 7036 11636 7022 11656 7022 11678 7034 11720 7028
        ellipse 0 0 1000 0 0 1000 11720 7098 11818 7194
        ellipse 0 0 0 0 0 0 11746 7128 11786 7166
      end
    end
    text -1 0 0 -1 0 0 1080 4860 3960 5760 0 "title" "zemkehanditc tt" 900 "center" 2100 1000 750 yes
       "hired"
    end
    text -1 0 0 -1 0 0 4680 4860 7560 5760 0 "title" "zemkehanditc tt" 900 "center" 2100 1000 750 yes
       "inspired"
    end
    text -1 0 0 -1 0 0 8280 4860 11160 5760 0 "title" "zemkehanditc tt" 900 "center" 2100 1000 750 yes
       "admired"
    end
    text -1 0 0 -1 0 0 11880 4860 14760 5760 0 "title" "zemkehanditc tt" 900 "center" 2100 1000 750 yes
       "tired"
    end
    text -1 0 0 -1 0 0 1080 9900 3960 10800 0 "title" "zemkehanditc tt" 900 "center" 2100 1000 750 yes
       "wired"
    end
    text -1 0 0 -1 0 0 4680 9900 7560 10800 0 "title" "zemkehanditc tt" 900 "center" 2100 1000 750 yes
       "fired"
    end
    text -1 0 0 -1 0 0 8280 9900 11160 10800 0 "title" "zemkehanditc tt" 900 "center" 2100 1000 750 yes
       "retired"
    end
    text -1 0 0 -1 0 0 11880 9900 14760 10800 0 "title" "zemkehanditc tt" 900 "center" 2100 1000 750 yes
       "expired"
    end
    group
      polygon 300 1000 750 300 1000 750 41 12796 3342 12758 3406 12738 3472 12716 3538 12672 3592 12626 3654 12604 3744 12596 3830 12594 3882 12596 3914 12604 3938 12618 3950 12638 3944 12656 3942 12660 3958 12666 3982 12684 3994 12704 3996 12716 3986 12730 3980 12750 3986 12774 3996 12796 3994 12806 3974 12796 3930 12778 3882 12774 3848 12780 3832 12806 3840 12838 3854 12864 3848 12876 3816 12874 3750 12858 3672 12828 3606 12804 3546 12796 3494 12800 3436 12818 3362 12822 3316 12796 3342
    end
    group
      polygon 300 1000 750 300 1000 750 41 13800 3342 13838 3406 13858 3472 13880 3538 13924 3592 13970 3654 13992 3744 14000 3830 14002 3882 14000 3914 13992 3938 13978 3950 13958 3944 13940 3942 13936 3958 13930 3982 13912 3994 13892 3996 13880 3986 13866 3980 13846 3986 13822 3996 13800 3994 13790 3974 13800 3930 13818 3882 13822 3848 13816 3832 13790 3840 13758 3854 13732 3848 13720 3816 13722 3750 13738 3672 13768 3606 13792 3546 13800 3494 13796 3436 13778 3362 13774 3316 13800 3342
    end
    polygon 2100 1000 875 2100 1000 875 14 13170 2946 12868 3140 12696 3294 12786 3368 12940 3424 12958 3522 13010 3610 13272 3640 13614 3762 13646 3438 13744 3342 13864 3248 13756 3092 13534 2904
    polygon 300 1000 750 300 1000 750 4 10128 3042 10444 2918 10518 3084 10098 3168
    group
      polygon 1200 1000 750 1200 1000 750 35 3122 2490 3184 2480 3282 2450 3394 2412 3488 2386 3558 2366 3598 2356 3624 2358 3650 2380 3674 2424 3700 2496 3726 2584 3752 2676 3802 2782 3872 2918 4030 3080 3878 3122 3740 3164 3632 3184 3550 3196 3496 3202 3464 3200 3446 3184 3436 3152 3428 3104 3418 3042 3402 2972 3376 2882 3334 2762 3282 2650 3232 2582 3182 2542 3130 2512 3102 2496 3122 2490
      polygon 300 1000 750 300 1000 750 29 3258 2914 3204 2834 3196 2768 3240 2730 3302 2706 3346 2686 3380 2662 3416 2630 3452 2606 3488 2606 3514 2624 3532 2656 3526 2692 3496 2730 3452 2760 3408 2772 3390 2802 3424 2872 3462 2944 3452 2978 3414 2986 3372 2984 3328 2988 3282 3016 3196 3048 3118 3080 2910 3200 2924 3114 3128 3012
      polygon 300 1000 750 300 1000 750 23 3816 2796 3778 2778 3726 2758 3684 2738 3676 2714 3676 2688 3656 2662 3632 2638 3616 2616 3618 2598 3646 2578 3688 2568 3736 2578 3780 2602 3816 2636 3830 2668 3816 2688 3804 2702 3826 2720 3852 2744 3856 2778 3840 2802 3816 2796
    end
    polygon 300 1000 750 300 1000 750 66 5592 3162 5536 3122 5442 2980 5454 3034 5524 2944 5520 2890 5500 2838 5484 2794 5474 2754 5476 2718 5476 2684 5462 2654 5434 2638 5390 2648 5352 2676 5338 2718 5346 2764 5368 2806 5380 2836 5360 2842 5328 2832 5304 2814 5280 2788 5252 2752 5228 2708 5208 2662 5194 2620 5180 2592 5162 2578 5136 2578 5114 2590 5100 2612 5100 2640 5116 2668 5120 2688 5094 2690 5056 2690 5028 2704 5012 2724 5006 2744 5014 2764 5036 2780 5048 2792 5022 2800 4986 2810 4964 2828 4960 2856 4978 2898 5012 2942 5058 2974 5098 3002 5116 3036 5130 3068 5158 3098 5200 3120 5252 3126 5302 3124 5332 3112 5354 3106 5376 3112 5408 3132 5468 3162 5538 3188 5598 3196 5626 3188 5592 3162
    polygon 300 1000 750 300 1000 750 66 6726 3106 6782 3066 6876 2924 6864 2978 6794 2888 6798 2834 6818 2782 6834 2738 6844 2698 6842 2662 6842 2628 6856 2598 6884 2582 6928 2592 6966 2620 6980 2662 6972 2708 6950 2750 6938 2780 6958 2786 6990 2776 7014 2758 7038 2732 7066 2696 7090 2652 7110 2606 7124 2564 7138 2536 7156 2522 7182 2522 7204 2534 7218 2556 7218 2584 7202 2612 7198 2632 7224 2634 7262 2634 7290 2648 7306 2668 7312 2688 7304 2708 7282 2724 7270 2736 7296 2744 7332 2754 7354 2772 7358 2800 7340 2842 7306 2886 7260 2918 7220 2946 7202 2980 7188 3012 7160 3042 7118 3064 7066 3070 7016 3068 6986 3056 6964 3050 6942 3056 6910 3076 6850 3106 6780 3132 6720 3140 6692 3132 6726 3106
    polygon 0 0 0 0 0 0 23 6318 4080 6358 4308 6462 4344 6564 4362 6658 4396 6732 4440 6770 4490 6782 4532 6770 4558 6734 4576 6666 4600 6566 4614 6438 4600 6312 4570 6220 4524 6162 4474 6144 4422 6156 4378 6218 4326 6230 4276 6258 4080 6284 3952 6318 4080
    polygon 0 0 0 0 0 0 23 5946 4052 5904 4280 5800 4318 5698 4336 5604 4368 5530 4412 5492 4462 5480 4506 5492 4532 5530 4550 5596 4574 5696 4586 5824 4574 5950 4542 6044 4496 6100 4446 6118 4394 6108 4352 6044 4298 6034 4250 6004 4052 5978 3924 5946 4052
    polygon 2100 1000 750 2100 1000 750 9 5744 3640 6176 3640 6524 3556 6436 4140 6176 4180 6090 3890 6090 4140 5744 4140 5744 3640
    polygon 0 1000 750 0 1000 750 7 6350 3070 6234 3362 6350 3694 6176 3862 6004 3694 6118 3362 6004 3070
    polygon 0 0 875 0 0 875 10 5916 3070 5814 3126 5670 3042 5584 3208 5468 3292 5714 3376 5584 3944 5988 4000 6132 3306 6018 3098
    polygon 0 0 875 0 0 875 15 6422 3056 6522 3112 6666 3028 6754 3194 6868 3278 6624 3362 6740 3846 6754 3930 6696 3930 6334 3944 6262 3958 6262 3916 6190 3306 6190 3264 6320 3084
    ellipse 300 1000 750 300 1000 750 5238 2048 5758 2392
    ellipse 300 1000 750 300 1000 750 6538 2060 7042 2432
    ellipse 300 1000 750 300 1000 750 5426 1530 6840 3154
    ellipse 0 0 1000 0 0 1000 5830 2038 6132 2394
    ellipse 0 0 1000 0 0 1000 6118 2048 6464 2406
    ellipse 0 0 0 0 0 0 5946 2090 6032 2158
    ellipse 0 0 0 0 0 0 6234 2102 6322 2170
    group
      ellipse 300 1000 375 300 1000 375 6494 1754 6704 1918
      ellipse 300 1000 375 300 1000 375 6578 1704 6788 1868
      ellipse 300 1000 375 300 1000 375 6640 1792 6850 1958
      ellipse 300 1000 375 300 1000 375 6504 1894 6714 2060
      ellipse 300 1000 375 300 1000 375 6682 1908 6892 2072
      ellipse 300 1000 375 300 1000 375 6704 2034 6914 2198
    end
    group
      ellipse 300 1000 375 300 1000 375 5566 1744 5762 1912
      ellipse 300 1000 375 300 1000 375 5486 1692 5682 1860
      ellipse 300 1000 375 300 1000 375 5428 1784 5624 1952
      ellipse 300 1000 375 300 1000 375 5554 1886 5750 2054
      ellipse 300 1000 375 300 1000 375 5388 1900 5584 2068
      ellipse 300 1000 375 300 1000 375 5368 2030 5566 2198
    end
    polygon 0 1000 750 0 1000 750 15 5874 2584 5932 2690 5990 2782 6060 2842 6138 2868 6224 2850 6310 2788 6376 2678 6398 2592 6338 2596 6242 2634 6156 2648 6072 2642 5980 2622 5886 2596
    polygon 0 0 0 0 0 0 4 6320 3376 6306 3292 6336 3292 6350 3376
    polygon 2100 1000 750 2100 1000 750 4 6378 3362 6378 3292 6408 3306 6408 3362
    polygon 0 1000 750 0 1000 750 4 6450 3348 6422 3278 6450 3278 6464 3334
    polygon 300 1000 375 300 1000 375 4 6508 3348 6522 3264 6494 3264 6480 3348
    polygon 0 0 750 0 0 750 5 6292 3362 6536 3320 6536 3362 6306 3432 6292 3362
    polygon 0 0 0 0 0 0 23 2774 4052 2814 4280 2918 4318 3020 4336 3114 4368 3188 4412 3226 4462 3238 4506 3226 4532 3190 4550 3122 4574 3022 4586 2894 4574 2768 4542 2676 4496 2618 4446 2600 4394 2612 4352 2674 4298 2686 4250 2714 4052 2740 3924 2774 4052
    polygon 0 0 0 0 0 0 23 2402 4024 2360 4252 2256 4290 2154 4308 2060 4340 1986 4384 1948 4434 1936 4478 1948 4504 1986 4522 2052 4546 2152 4558 2280 4546 2406 4514 2500 4468 2556 4418 2574 4366 2564 4324 2500 4270 2490 4222 2460 4024 2434 3896 2402 4024
    group
      polygon 300 1000 750 300 1000 750 39 1984 3174 1882 3244 1780 3300 1736 3356 1802 3432 1892 3502 1910 3550 1910 3584 1940 3620 1954 3642 1910 3640 1852 3638 1818 3660 1800 3694 1796 3722 1804 3752 1832 3786 1862 3806 1882 3800 1894 3790 1904 3806 1922 3834 1962 3862 2014 3874 2070 3854 2122 3812 2164 3750 2180 3682 2156 3620 2104 3560 2034 3508 1960 3458 1896 3404 1876 3346 1932 3278 2010 3212 2056 3154 2052 3132 1984 3174
    end
    group
      polygon 2100 1000 875 2100 1000 875 28 2286 3070 2080 3102 1982 3112 1950 3122 1940 3154 1950 3206 1982 3278 2026 3342 2070 3362 2112 3362 2156 3362 2200 3414 2242 3652 2340 3726 2546 3778 2762 3716 2892 3694 2980 3350 3152 3292 3110 3196 3076 3060 3066 2988 3056 2956 3022 2946 2936 2956 2762 2988 2536 3028 2286 3070
    end
    polygon 2100 1000 750 2100 1000 750 9 2186 3612 2618 3612 2966 3528 2878 4112 2618 4194 2532 3862 2532 4112 2186 4112 2186 3612
    polygon 0 1000 750 0 1000 750 7 2704 3056 2590 3348 2704 3680 2532 3848 2358 3680 2474 3348 2358 3056
    ellipse 300 1000 750 300 1000 750 1666 2090 2170 2406
    ellipse 300 1000 750 300 1000 750 1854 1530 3268 3154
    ellipse 0 0 1000 0 0 1000 2258 2038 2560 2394
    ellipse 0 0 1000 0 0 1000 2546 2048 2892 2406
    ellipse 0 0 0 0 0 0 2372 2186 2460 2256
    ellipse 0 0 0 0 0 0 2662 2198 2748 2268
    group
      ellipse 300 1000 375 300 1000 375 1994 1744 2190 1912
      ellipse 300 1000 375 300 1000 375 1914 1692 2110 1860
      ellipse 300 1000 375 300 1000 375 1856 1784 2052 1952
      ellipse 300 1000 375 300 1000 375 1982 1886 2178 2054
      ellipse 300 1000 375 300 1000 375 1816 1900 2012 2068
      ellipse 300 1000 375 300 1000 375 1796 2030 1994 2198
    end
    polygon 0 1000 750 0 1000 750 13 2460 2696 2580 2718 2676 2696 2730 2696 2720 2780 2666 2862 2590 2862 2492 2810 2374 2738 2286 2674 2286 2654 2350 2664 2460 2696
    ellipse 300 1000 750 300 1000 750 2964 2060 3440 2432
    group
      ellipse 300 1000 375 300 1000 375 2922 1754 3132 1918
      ellipse 300 1000 375 300 1000 375 3006 1704 3216 1868
      ellipse 300 1000 375 300 1000 375 3068 1792 3278 1958
      ellipse 300 1000 375 300 1000 375 2932 1894 3142 2060
      ellipse 300 1000 375 300 1000 375 3110 1908 3320 2072
      ellipse 300 1000 375 300 1000 375 3132 2034 3342 2198
    end
    polygon 0 0 0 0 0 0 23 9880 4108 9920 4336 10024 4372 10126 4390 10220 4424 10294 4468 10332 4518 10344 4560 10332 4586 10296 4604 10228 4628 10128 4642 10000 4628 9874 4598 9782 4552 9724 4502 9706 4450 9718 4406 9780 4354 9792 4304 9820 4108 9846 3980 9880 4108
    polygon 0 0 0 0 0 0 23 9506 4080 9466 4308 9362 4344 9260 4362 9166 4396 9092 4440 9052 4490 9040 4532 9052 4558 9090 4576 9158 4600 9256 4614 9386 4600 9512 4570 9604 4524 9662 4474 9680 4422 9668 4378 9606 4326 9594 4276 9566 4080 9540 3952 9506 4080
    polygon 300 1000 750 300 1000 750 71 9124 3196 9070 3236 9038 3286 9018 3320 9002 3314 8990 3296 8980 3300 8988 3322 9024 3362 9056 3414 9052 3466 9032 3518 9016 3564 9008 3604 9010 3640 9010 3672 8994 3702 8966 3718 8922 3708 8884 3682 8872 3640 8880 3594 8900 3550 8914 3520 8894 3514 8862 3524 8836 3542 8812 3568 8786 3606 8760 3648 8742 3696 8728 3736 8712 3764 8696 3778 8670 3778 8646 3766 8634 3744 8634 3716 8648 3688 8654 3670 8626 3668 8588 3668 8562 3654 8546 3634 8540 3612 8548 3594 8568 3578 8580 3566 8554 3556 8518 3546 8496 3528 8492 3500 8510 3460 8546 3416 8590 3384 8630 3354 8648 3320 8662 3288 8692 3258 8734 3238 8786 3230 8834 3234 8864 3244 8886 3252 8908 3244 8942 3226 9002 3196 9070 3170 9132 3162 9158 3170 9124 3196
    polygon 2100 1000 750 2100 1000 750 33 10956 3132 10910 3306 10976 3560 11062 3790 11076 3922 11070 3980 11052 3990 11026 3976 11000 3960 10982 3966 10962 3988 10946 4014 10928 4030 10906 4030 10882 4020 10856 4014 10832 4018 10802 4044 10776 4082 10748 4118 10724 4138 10702 4134 10680 4114 10666 4090 10652 4074 10644 4078 10640 4076 10644 4048 10656 3968 10680 3812 10710 3602 10748 3352 10788 3084
    polygon 2100 1000 875 2100 1000 875 33 10506 3114 10522 3292 10460 3524 10406 3710 10398 3832 10416 3888 10444 3898 10482 3886 10514 3874 10540 3882 10560 3902 10574 3926 10588 3942 10606 3940 10624 3932 10644 3926 10666 3930 10686 3954 10708 3990 10730 4022 10750 4042 10766 4036 10782 4018 10794 3998 10804 3982 10810 3986 10814 3986 10810 3958 10802 3884 10782 3742 10758 3546 10728 3316 10698 3070
    polygon 0 0 750 0 0 750 45 10626 2564 10558 2620 10458 2628 10378 2638 10362 2700 10356 2780 10300 2846 10264 2904 10310 2958 10358 3024 10328 3104 10300 3178 10362 3224 10442 3268 10476 3338 10506 3390 10584 3386 10672 3374 10750 3402 10816 3418 10872 3370 10936 3314 11020 3304 11088 3298 11100 3240 11112 3166 11180 3114 11232 3064 11198 3024 11158 2978 11198 2920 11232 2864 11180 2830 11120 2798 11134 2748 11148 2706 11084 2694 11004 2674 10976 2612 10956 2562 10890 2574 10808 2584 10740 2548 10680 2520 10626 2564
    ellipse 2100 1000 750 2100 1000 750 10430 2668 11066 3292
    ellipse 0 0 750 0 0 750 10474 2724 11022 3236
    polygon 300 1000 750 300 1000 750 37 10648 2486 10670 2516 10678 2556 10684 2598 10700 2634 10724 2646 10752 2626 10776 2606 10782 2626 10790 2654 10814 2664 10842 2656 10866 2634 10884 2620 10896 2640 10908 2674 10934 2696 10962 2700 10986 2680 11002 2646 11002 2610 10988 2572 10964 2540 10934 2518 10910 2518 10888 2518 10866 2502 10842 2486 10814 2486 10784 2486 10760 2470 10734 2450 10700 2440 10666 2438 10640 2446 10630 2464 10648 2486
    group
      text -1 0 0 -1 0 0 10590 2766 10850 3182 0 "" "zemkehanditc tt" 480 "left" 0 0 0 yes
         "1"
      end
      text -1 0 0 -1 0 0 10762 2766 11022 3182 0 "" "zemkehanditc tt" 360 "left" 0 0 0 yes
         "st"
      end
    end
    polygon 2100 1000 875 2100 1000 875 28 9406 3030 9200 3060 9102 3070 9070 3082 9060 3112 9070 3164 9102 3238 9146 3300 9190 3320 9232 3320 9276 3320 9320 3372 9362 3612 9460 3686 9666 3736 9882 3674 10012 3654 10098 3310 10272 3252 10228 3154 10196 3018 10186 2946 10174 2914 10142 2904 10056 2914 9882 2946 9656 2988 9406 3030
    polygon 2100 1000 750 2100 1000 750 9 9304 3582 9738 3582 10084 3486 9998 4154 9724 4194 9650 3868 9650 4154 9304 4154 9304 3582
    polygon 0 1000 750 0 1000 750 7 9824 3014 9708 3306 9824 3638 9650 3806 9478 3638 9592 3306 9478 3014
    group
      ellipse 300 1000 750 300 1000 750 8656 2048 9218 2406
      ellipse 300 1000 750 300 1000 750 9998 2060 10532 2474
      ellipse 300 1000 750 300 1000 750 8886 1530 10302 3154
      ellipse 0 0 1000 0 0 1000 9290 2038 9594 2394
      ellipse 0 0 1000 0 0 1000 9580 2048 9926 2406
      ellipse 0 0 0 0 0 0 9464 2214 9552 2282
      ellipse 0 0 0 0 0 0 9752 2212 9840 2282
      group
        ellipse 300 1000 375 300 1000 375 9954 1754 10164 1918
        ellipse 300 1000 375 300 1000 375 10038 1704 10248 1868
        ellipse 300 1000 375 300 1000 375 10102 1792 10312 1958
        ellipse 300 1000 375 300 1000 375 9966 1894 10176 2060
        ellipse 300 1000 375 300 1000 375 10144 1908 10354 2072
        ellipse 300 1000 375 300 1000 375 10164 2034 10374 2198
      end
      group
        ellipse 300 1000 375 300 1000 375 9026 1744 9224 1912
        ellipse 300 1000 375 300 1000 375 8946 1692 9144 1860
        ellipse 300 1000 375 300 1000 375 8888 1784 9086 1952
        ellipse 300 1000 375 300 1000 375 9014 1886 9212 2054
        ellipse 300 1000 375 300 1000 375 8848 1900 9046 2068
        ellipse 300 1000 375 300 1000 375 8830 2030 9026 2198
      end
      ellipse 0 1000 750 0 1000 750 9450 2584 9724 2918
    end
    polygon 0 0 0 0 0 0 23 13508 4136 13548 4364 13652 4400 13754 4418 13848 4452 13922 4496 13962 4546 13974 4588 13962 4614 13924 4632 13856 4656 13758 4670 13630 4656 13502 4626 13410 4580 13354 4530 13334 4478 13346 4434 13408 4382 13420 4332 13448 4136 13474 4008 13508 4136
    polygon 0 0 0 0 0 0 23 13078 4094 13038 4322 12934 4358 12832 4376 12738 4410 12664 4454 12624 4504 12612 4546 12624 4572 12662 4590 12730 4614 12828 4628 12958 4614 13084 4584 13176 4538 13234 4488 13252 4436 13240 4392 13178 4340 13166 4290 13138 4094 13112 3966 13078 4094
    polygon 2100 1000 750 2100 1000 750 9 12920 3610 13352 3610 13700 3514 13612 4182 13338 4222 13266 3896 13266 4182 12934 4154 12920 3610
    polygon 0 1000 750 0 1000 750 7 13468 3014 13352 3306 13468 3638 13294 3806 13122 3638 13236 3306 13122 3014
    group
      ellipse 300 1000 750 300 1000 750 12270 1994 12862 2392
      ellipse 300 1000 750 300 1000 750 13642 2004 14176 2446
      ellipse 300 1000 750 300 1000 750 12530 1476 13944 3098
      ellipse 0 0 1000 0 0 1000 12934 1982 13236 2340
      ellipse 0 0 1000 0 0 1000 13222 1994 13570 2350
      ellipse 0 0 0 0 0 0 13064 2146 13150 2214
      ellipse 0 0 0 0 0 0 13310 2158 13396 2226
      group
        ellipse 300 1000 375 300 1000 375 13598 1698 13808 1864
        ellipse 300 1000 375 300 1000 375 13682 1648 13892 1814
        ellipse 300 1000 375 300 1000 375 13744 1738 13954 1902
        ellipse 300 1000 375 300 1000 375 13608 1840 13818 2004
        ellipse 300 1000 375 300 1000 375 13786 1852 13996 2018
        ellipse 300 1000 375 300 1000 375 13808 1978 14018 2144
      end
      group
        ellipse 300 1000 375 300 1000 375 12670 1688 12866 1856
        ellipse 300 1000 375 300 1000 375 12590 1636 12786 1804
        ellipse 300 1000 375 300 1000 375 12532 1728 12728 1896
        ellipse 300 1000 375 300 1000 375 12658 1832 12854 2000
        ellipse 300 1000 375 300 1000 375 12492 1846 12688 2014
        ellipse 300 1000 375 300 1000 375 12472 1976 12670 2144
      end
      polygon 300 1000 625 300 1000 625 10 12890 2238 13080 2182 13252 2148 13212 2034 13134 1984 13064 1968 13000 2000 12948 2058 12914 2116 12890 2238
      polygon 300 1000 625 300 1000 625 10 13598 2252 13396 2188 13208 2152 13252 2026 13336 1972 13410 1954 13480 1990 13538 2054 13574 2116 13598 2252
      ellipse 0 1000 750 0 1000 750 13050 2558 13440 2654
    end
    group
      ellipse 300 1000 375 300 1000 375 2040 1614 2228 1782
      ellipse 300 1000 375 300 1000 375 2258 1544 2446 1712
      ellipse 300 1000 375 300 1000 375 2430 1490 2618 1656
      ellipse 300 1000 375 300 1000 375 2604 1544 2792 1698
      ellipse 300 1000 375 300 1000 375 2734 1502 2922 1656
      ellipse 300 1000 375 300 1000 375 2848 1572 3036 1726
      ellipse 300 1000 375 300 1000 375 2978 1614 3166 1768
      ellipse 300 1000 375 300 1000 375 2820 1628 3008 1780
      ellipse 300 1000 375 300 1000 375 2574 1434 2762 1586
      ellipse 300 1000 375 300 1000 375 2200 1628 2388 1794
      ellipse 300 1000 375 300 1000 375 2402 1572 2590 1740
    end
    group
      ellipse 300 1000 375 300 1000 375 5526 1614 5714 1782
      ellipse 300 1000 375 300 1000 375 5744 1544 5932 1712
      ellipse 300 1000 375 300 1000 375 5916 1490 6104 1656
      ellipse 300 1000 375 300 1000 375 6090 1544 6278 1698
      ellipse 300 1000 375 300 1000 375 6220 1502 6408 1656
      ellipse 300 1000 375 300 1000 375 6334 1572 6522 1726
      ellipse 300 1000 375 300 1000 375 6464 1614 6652 1768
      ellipse 300 1000 375 300 1000 375 6306 1628 6494 1780
      ellipse 300 1000 375 300 1000 375 6060 1434 6248 1586
      ellipse 300 1000 375 300 1000 375 5686 1628 5874 1794
      ellipse 300 1000 375 300 1000 375 5888 1572 6076 1740
    end
    group
      group
        ellipse 600 1000 500 600 1000 500 5872 504 6378 962
        ellipse 600 1000 500 600 1000 500 5988 768 6276 1144
        ellipse 0 0 750 0 0 750 5988 962 6276 1088
        ellipse 0 0 750 0 0 750 5988 1032 6276 1156
        ellipse 0 0 750 0 0 750 5988 1088 6276 1212
        ellipse 0 0 500 0 0 500 6074 1184 6190 1254
      end
      group
        polygon 0 0 625 0 0 625 2 5714 504 5540 434
        polygon 0 0 625 0 0 625 2 5988 380 5930 240
        polygon 0 0 625 0 0 625 2 6278 380 6350 240
        polygon 0 0 625 0 0 625 2 6480 518 6668 408
        polygon 0 0 625 0 0 625 2 6538 740 6740 796
        polygon 0 0 625 0 0 625 2 5670 754 5498 796
      end
    end
    ellipse 300 1000 375 300 1000 375 9044 1600 9232 1766
    ellipse 300 1000 375 300 1000 375 9434 1476 9622 1642
    ellipse 300 1000 375 300 1000 375 9636 1516 9824 1670
    ellipse 300 1000 375 300 1000 375 9854 1558 10042 1712
    ellipse 300 1000 375 300 1000 375 9984 1600 10172 1752
    ellipse 300 1000 375 300 1000 375 9824 1614 10012 1766
    ellipse 300 1000 375 300 1000 375 9204 1614 9392 1780
    ellipse 300 1000 375 300 1000 375 9362 1572 9550 1738
    ellipse 300 1000 375 300 1000 375 12674 1530 12862 1696
    ellipse 300 1000 375 300 1000 375 13482 1490 13670 1642
    ellipse 300 1000 375 300 1000 375 13612 1530 13800 1684
    ellipse 300 1000 375 300 1000 375 13454 1544 13642 1698
    ellipse 300 1000 375 300 1000 375 12832 1544 13020 1710
    polygon 2100 1000 875 2100 1000 875 14 13110 7884 12808 8084 12634 8242 12726 8318 12880 8376 12898 8476 12948 8566 13210 8598 13556 8724 13586 8390 13686 8290 13804 8194 13696 8032 13474 7840
    polygon 0 0 0 0 0 0 23 13448 9134 13488 9370 13592 9408 13694 9426 13790 9460 13864 9506 13902 9558 13914 9602 13902 9628 13866 9646 13796 9672 13698 9684 13570 9672 13444 9640 13350 9592 13294 9540 13274 9486 13286 9444 13348 9388 13360 9338 13388 9134 13414 9004 13448 9134
    polygon 0 0 0 0 0 0 23 13018 9092 12978 9328 12874 9366 12772 9384 12676 9418 12602 9464 12564 9516 12552 9560 12564 9586 12602 9604 12670 9630 12768 9642 12896 9630 13022 9598 13116 9550 13174 9498 13192 9444 13180 9402 13118 9346 13106 9296 13078 9092 13052 8962 13018 9092
    polygon 2100 1000 750 2100 1000 750 9 12858 8566 13292 8566 13596 8496 13552 9156 13278 9196 13206 8860 13206 9156 12872 9126 12858 8566
    polygon 0 1000 750 0 1000 750 7 13408 7954 13292 8254 13408 8596 13236 8768 13062 8596 13178 8254 13062 7954
    polygon 300 1000 750 300 1000 750 38 3258 7888 3516 7678 3512 7602 3488 7566 3486 7514 3474 7416 3522 7354 3620 7340 3700 7214 3780 7086 3848 7014 3900 6988 3934 7000 3952 7036 3952 7088 3934 7152 3900 7228 3862 7296 3838 7338 3832 7362 3848 7374 3874 7390 3900 7418 3912 7452 3900 7478 3886 7500 3900 7522 3916 7550 3916 7594 3896 7650 3856 7712 3806 7762 3762 7780 3718 7772 3666 7750 3598 7770 3250 7992 3372 7916
    polygon 300 1000 750 300 1000 750 47 1976 8434 1922 8452 1860 8474 1814 8480 1804 8458 1800 8420 1772 8382 1736 8346 1714 8316 1692 8288 1658 8270 1620 8268 1592 8294 1576 8330 1584 8368 1586 8396 1560 8404 1522 8416 1494 8450 1482 8490 1494 8518 1522 8534 1550 8534 1582 8536 1608 8564 1634 8600 1666 8638 1682 8680 1666 8728 1650 8778 1666 8818 1706 8844 1762 8848 1814 8836 1838 8810 1840 8782 1828 8758 1812 8732 1796 8706 1786 8672 1788 8638 1808 8598 1852 8554 1910 8510 1968 8464 1998 8434 2004 8420
    polygon 0 0 0 0 0 0 25 2250 9062 2170 9116 2110 9186 2048 9250 1962 9270 1866 9278 1772 9310 1688 9354 1632 9412 1612 9460 1646 9484 1712 9494 1792 9504 1880 9506 1962 9494 2038 9466 2102 9422 2142 9376 2146 9340 2142 9300 2160 9238 2202 9166 2264 9094 2296 9048 2250 9062
    polygon 0 0 0 0 0 0 28 3122 9070 3252 9076 3272 9116 3220 9196 3176 9298 3204 9328 3276 9326 3360 9336 3450 9358 3546 9392 3604 9428 3580 9462 3502 9492 3400 9516 3288 9532 3180 9526 3084 9504 3010 9470 2964 9432 2960 9392 2982 9360 3016 9344 3062 9312 3116 9226 3130 9140 3014 9100 2944 9072 3122 9070
    polygon 0 0 625 -1 0 0 5 3206 8970 3380 8992 3492 9022 3478 9070 3400 9126
    polygon 0 0 625 -1 0 0 3 3394 8912 3532 8926 3620 8946
    polygon 2100 1000 875 2100 1000 875 34 2498 7798 2230 7998 2020 8156 1926 8228 1902 8258 1904 8298 1926 8360 1962 8462 1998 8562 2020 8620 2042 8638 2078 8620 2140 8574 2244 8506 2330 8486 2338 8584 2312 8814 2700 8734 3094 8776 3090 8512 3048 8360 3024 8276 3374 8156 3504 8070 3444 7928 3366 7774 3322 7684 3286 7650 3242 7662 3180 7700 3096 7742 2990 7768 2858 7762 2714 7742
    polygon 2700 1000 750 2700 1000 750 39 2294 8704 2370 8698 2512 8690 2686 8676 2858 8648 3008 8622 3104 8612 3152 8622 3148 8656 3114 8710 3068 8790 3042 8864 3068 8898 3098 8920 3090 8962 3048 9028 2982 9126 2912 9200 2866 9190 2818 9128 2744 9040 2658 8988 2576 9034 2508 9114 2460 9170 2424 9192 2382 9176 2332 9134 2266 9076 2198 9024 2142 8998 2116 8980 2136 8956 2182 8922 2236 8884 2274 8836 2272 8776 2266 8726 2294 8704
    polygon 0 1000 750 0 1000 750 10 2758 7888 2628 8114 2888 8294 3220 8300 3380 8428 3250 8556 3178 8598 2672 8406 2542 8114 2454 7742
    group
      polygon 0 0 625 -1 0 0 5 1716 6514 1818 6384 1924 6272 2042 6192 2164 6128
      polygon 0 0 625 -1 0 0 5 1846 6228 1888 6170 1934 6120 1982 6086 2034 6056
    end
    group
      ellipse 300 1000 750 300 1000 750 5222 6752 5800 7262
      ellipse 300 1000 750 300 1000 750 6596 6778 7146 7318
      ellipse 300 1000 750 300 1000 750 5482 6218 6900 7888
      ellipse 0 0 1000 0 0 1000 5888 6740 6192 7106
      ellipse 0 0 1000 0 0 1000 6176 6752 6524 7118
      ellipse 0 0 0 0 0 0 6018 7008 6104 7078
      ellipse 0 0 0 0 0 0 6350 7034 6438 7104
      group
        ellipse 300 1000 375 300 1000 375 6552 6448 6762 6616
        ellipse 300 1000 375 300 1000 375 6636 6396 6846 6566
        ellipse 300 1000 375 300 1000 375 6700 6488 6910 6656
        ellipse 300 1000 375 300 1000 375 6564 6592 6774 6762
        ellipse 300 1000 375 300 1000 375 6742 6606 6952 6774
        ellipse 300 1000 375 300 1000 375 6762 6736 6972 6906
      end
      group
        ellipse 300 1000 375 300 1000 375 5622 6438 5820 6610
        ellipse 300 1000 375 300 1000 375 5542 6384 5740 6558
        ellipse 300 1000 375 300 1000 375 5484 6478 5682 6652
        ellipse 300 1000 375 300 1000 375 5610 6586 5808 6758
        ellipse 300 1000 375 300 1000 375 5444 6600 5642 6772
        ellipse 300 1000 375 300 1000 375 5426 6732 5622 6906
      end
      polygon 0 1000 750 0 1000 750 15 5830 7552 5900 7468 5976 7398 6062 7350 6160 7332 6268 7346 6374 7394 6458 7478 6486 7544 6366 7498 6288 7468 6184 7446 6078 7478 5964 7522 5844 7540
    end
    group
      ellipse 300 1000 875 300 1000 875 12280 6802 12800 7442
      ellipse 300 1000 875 300 1000 875 13626 6814 14146 7440
      ellipse 300 1000 875 300 1000 875 12512 6270 13928 7940
      ellipse 300 1000 750 300 1000 750 12916 6790 13220 7158
      ellipse 300 1000 750 300 1000 750 13206 6802 13552 7170
      group
        ellipse 300 1000 375 300 1000 375 13582 6498 13792 6668
        ellipse 300 1000 375 300 1000 375 13666 6448 13876 6616
        ellipse 300 1000 375 300 1000 375 13728 6538 13938 6708
        ellipse 300 1000 375 300 1000 375 13592 6644 13802 6812
        ellipse 300 1000 375 300 1000 375 13770 6656 13980 6826
        ellipse 300 1000 375 300 1000 375 13792 6788 14002 6956
      end
      group
        ellipse 300 1000 375 300 1000 375 12652 6488 12848 6662
        ellipse 300 1000 375 300 1000 375 12572 6436 12768 6608
        ellipse 300 1000 375 300 1000 375 12514 6530 12710 6702
        ellipse 300 1000 375 300 1000 375 12640 6636 12836 6810
        ellipse 300 1000 375 300 1000 375 12474 6650 12670 6824
        ellipse 300 1000 375 300 1000 375 12454 6784 12652 6956
      end
      ellipse 300 1000 750 300 1000 750 13032 7412 13422 7454
      polygon 300 1000 625 -1 0 0 3 12902 6998 13220 6968 13538 7040
      polygon 0 1000 500 -1 0 0 1 12440 7126
    end
    group
      ellipse 300 1000 750 300 1000 750 1702 6732 2252 7186
      ellipse 300 1000 750 300 1000 750 3032 6744 3568 7212
      ellipse 300 1000 750 300 1000 750 1920 6200 3336 7870
      ellipse 0 0 1000 0 0 1000 2324 6720 2628 7088
      ellipse 0 0 1000 0 0 1000 2614 6732 2960 7100
      ellipse 0 0 0 0 0 0 2396 6774 2484 6846
      ellipse 0 0 0 0 0 0 2758 6944 2844 7014
      group
        ellipse 300 1000 375 300 1000 375 2990 6428 3200 6598
        ellipse 300 1000 375 300 1000 375 3074 6378 3284 6546
        ellipse 300 1000 375 300 1000 375 3136 6468 3346 6638
        ellipse 300 1000 375 300 1000 375 3000 6574 3210 6742
        ellipse 300 1000 375 300 1000 375 3178 6586 3388 6756
        ellipse 300 1000 375 300 1000 375 3200 6718 3410 6886
      end
      group
        ellipse 300 1000 375 300 1000 375 2060 6418 2256 6592
        ellipse 300 1000 375 300 1000 375 1980 6366 2176 6538
        ellipse 300 1000 375 300 1000 375 1922 6460 2118 6632
        ellipse 300 1000 375 300 1000 375 2048 6566 2244 6740
        ellipse 300 1000 375 300 1000 375 1882 6580 2078 6754
        ellipse 300 1000 375 300 1000 375 1862 6714 2060 6886
      end
      polygon 0 1000 750 0 1000 750 31 2956 7328 2870 7298 2792 7290 2732 7328 2680 7362 2624 7348 2568 7338 2516 7376 2452 7394 2356 7320 2262 7220 2198 7162 2178 7168 2218 7256 2284 7368 2334 7448 2384 7502 2444 7534 2508 7536 2566 7498 2628 7456 2696 7448 2760 7444 2804 7412 2856 7382 2942 7376 3026 7368 3072 7328 3074 7290 3022 7290 2942 7312
    end
    group
      polygon 300 1000 875 300 1000 875 47 12742 8376 12626 8582 12584 8724 12684 8742 12822 8718 12888 8732 12924 8758 12974 8760 13040 8748 13126 8732 13200 8712 13234 8690 13244 8664 13242 8644 13212 8636 13140 8644 13098 8644 13162 8608 13252 8564 13292 8538 13302 8520 13300 8500 13262 8496 13162 8520 13090 8534 13132 8500 13208 8458 13234 8430 13230 8414 13212 8404 13176 8404 13112 8430 13058 8448 13060 8430 13082 8394 13090 8358 13076 8336 13040 8340 12988 8368 12938 8412 12898 8470 12880 8538 12848 8596 12764 8636 12696 8620 12706 8520 12756 8376
    end
    ellipse 300 1000 375 300 1000 375 2078 6286 2266 6456
    ellipse 300 1000 375 300 1000 375 2888 6242 3076 6400
    ellipse 300 1000 375 300 1000 375 3018 6286 3206 6442
    polygon 300 1000 375 300 1000 375 23 9986 9102 10036 9338 10162 9376 10288 9394 10404 9428 10494 9474 10542 9526 10556 9570 10542 9596 10496 9614 10412 9640 10292 9652 10136 9640 9980 9608 9866 9560 9796 9508 9774 9454 9788 9412 9864 9356 9878 9306 9914 9102 9944 8972 9986 9102
    polygon 300 1000 375 300 1000 375 23 9338 9044 9286 9280 9160 9318 9034 9336 8918 9370 8828 9416 8780 9468 8766 9512 8780 9538 8826 9556 8910 9582 9030 9594 9188 9582 9342 9550 9458 9502 9526 9450 9548 9396 9536 9354 9458 9298 9444 9248 9410 9044 9378 8914 9338 9044
    polygon 300 1000 750 300 1000 750 39 8558 8072 8434 8144 8308 8200 8254 8258 8336 8336 8444 8410 8468 8458 8468 8492 8504 8530 8522 8552 8468 8550 8396 8548 8354 8572 8334 8606 8326 8636 8336 8666 8372 8700 8408 8722 8434 8714 8448 8706 8460 8722 8482 8750 8532 8778 8596 8790 8662 8772 8728 8726 8778 8664 8798 8594 8768 8530 8706 8468 8620 8414 8528 8362 8450 8308 8426 8248 8496 8178 8590 8112 8646 8050 8642 8028 8558 8072
    polygon 600 1000 375 600 1000 375 35 9282 7664 8928 7772 8646 7856 8512 7900 8476 7924 8494 7956 8550 8008 8628 8092 8706 8172 8760 8208 8810 8212 8876 8200 8952 8174 9044 8142 9104 8194 9088 8422 9202 8668 9654 8778 10104 8718 10256 8360 10190 8186 10246 8136 10322 8190 10354 8236 10370 8258 10406 8236 10464 8188 10548 8128 10632 8072 10688 8036 10712 8004 10688 7964 10580 7886 10334 7736 10026 7550
    polygon 600 1000 250 600 1000 250 9 9034 8336 9750 8356 10292 8326 10128 9072 9750 9192 9624 8714 9624 9072 9118 9072 9034 8356
    polygon 600 1000 250 600 1000 250 4 9282 8378 9052 7722 9212 7692 9424 8378
    polygon 600 1000 250 600 1000 250 4 9848 8422 9902 7594 10078 7594 9972 8364
    group
      ellipse 300 1000 750 300 1000 750 8598 6698 9176 7294
      ellipse 300 1000 750 300 1000 750 9986 6710 10578 7322
      ellipse 300 1000 750 300 1000 750 8872 6166 10290 7836
      ellipse 0 0 1000 0 0 1000 9278 6686 9582 7054
      ellipse 0 0 1000 0 0 1000 9566 6698 9914 7066
      ellipse 0 0 0 0 0 0 9392 6840 9480 6912
      ellipse 0 0 0 0 0 0 9682 6852 9768 6924
      group
        ellipse 300 1000 375 300 1000 375 9942 6394 10152 6564
        ellipse 300 1000 375 300 1000 375 10026 6344 10236 6512
        ellipse 300 1000 375 300 1000 375 10090 6434 10300 6604
        ellipse 300 1000 375 300 1000 375 9954 6540 10164 6708
        ellipse 300 1000 375 300 1000 375 10132 6552 10342 6722
        ellipse 300 1000 375 300 1000 375 10152 6684 10362 6852
      end
      group
        ellipse 300 1000 375 300 1000 375 9012 6384 9210 6558
        ellipse 300 1000 375 300 1000 375 8932 6332 9130 6504
        ellipse 300 1000 375 300 1000 375 8874 6426 9072 6598
        ellipse 300 1000 375 300 1000 375 9000 6532 9198 6706
        ellipse 300 1000 375 300 1000 375 8834 6546 9032 6720
        ellipse 300 1000 375 300 1000 375 8816 6680 9012 6852
      end
      polygon 0 1000 750 0 1000 750 15 9176 7178 9258 7326 9344 7454 9446 7536 9556 7570 9682 7544 9804 7460 9900 7308 9934 7188 9846 7196 9706 7248 9584 7266 9462 7258 9330 7230 9192 7196
    end
    text -1 0 0 -1 0 0 15120 11520 15480 11880 0 "page number" "zemkehanditc tt" 240 "center" 0 0 625 yes
       "110"
    end
  end
end
